52577
43137
32577
23117
12577
3097
-7423
-16923
-27423
-36943
-47423
-56963
-67424
-76983
-87423
-97003
-107423
-117023
-127423
-137043
-147423
-157063
-167423
-177083
-187423
-197103
-207423
-217123
-227423
-237143
-247423
-257164
-267423
-277183
-287424
-297203
-307423
-317223
-327423
-337243
-347423
-357263
-367423
-377283
-387423
-397303
-407423
-417323
-427423
-437343
-447423
-457363
-467423
-477383
-487423
-497403
-507423
-507425
-497405
-487425
-477385
-467425
-457365
-447425
-437345
-427425
-417325
-407425
-397305
-387425
-377285
-367425
-357265
-347425
-337245
-317225
-307425
-297205
-287425
-277185
-267425
-257165
-247425
-237145
-227425
-217125
-207425
-197105
-187425
-177085
-157065
-147425
-137045
-127425
-117025
-107425
-97005
-87425
-76985
-67425
-56965
-47425
-36945
-27425
-16925
-7425
3095
12575
23115
32575
43135
52575
